0 0 0 0
0.01 2.66167e-08 2.66167e-08 3.25986e-08
0.02 5.32333e-08 5.32333e-08 6.51972e-08
0.03 7.985e-08 7.985e-08 9.77959e-08
0.04 1.06467e-07 1.06467e-07 1.30394e-07
0.05 1.33083e-07 1.33083e-07 1.62993e-07
0.06 1.597e-07 1.597e-07 1.95592e-07
0.07 1.86317e-07 1.86317e-07 2.2819e-07
0.08 2.12933e-07 2.12933e-07 2.60789e-07
0.09 2.3955e-07 2.3955e-07 2.93388e-07
0.1 2.66167e-07 2.66167e-07 3.25986e-07
0.11 2.92783e-07 2.92783e-07 3.58585e-07
0.12 3.194e-07 3.194e-07 3.91183e-07
0.13 3.46017e-07 3.46017e-07 4.23782e-07
0.14 3.72633e-07 3.72633e-07 4.56381e-07
0.15 3.9925e-07 3.9925e-07 4.88979e-07
0.16 4.25867e-07 4.25867e-07 5.21578e-07
0.17 4.52483e-07 4.52483e-07 5.54177e-07
0.18 4.791e-07 4.791e-07 5.86775e-07
0.19 5.05717e-07 5.05717e-07 6.19374e-07
0.2 5.32333e-07 5.32333e-07 6.51972e-07
0.21 5.5895e-07 5.5895e-07 6.84571e-07
0.22 5.85567e-07 5.85567e-07 7.1717e-07
0.23 6.12183e-07 6.12183e-07 7.49768e-07
0.24 6.388e-07 6.388e-07 7.82367e-07
0.25 6.65417e-07 6.65417e-07 8.14966e-07
0.26 6.92033e-07 6.92033e-07 8.47564e-07
0.27 7.1865e-07 7.1865e-07 8.80163e-07
0.28 7.45267e-07 7.45267e-07 9.12761e-07
0.29 7.71883e-07 7.71883e-07 9.4536e-07
0.3 7.985e-07 7.985e-07 9.77959e-07
0.31 8.25117e-07 8.25117e-07 1.01056e-06
0.32 8.51733e-07 8.51733e-07 1.04316e-06
0.33 8.7835e-07 8.7835e-07 1.07575e-06
0.34 9.04967e-07 9.04967e-07 1.10835e-06
0.35 9.31583e-07 9.31583e-07 1.14095e-06
0.36 9.582e-07 9.582e-07 1.17355e-06
0.37 9.84817e-07 9.84817e-07 1.20615e-06
0.38 1.01143e-06 1.01143e-06 1.23875e-06
0.39 1.03805e-06 1.03805e-06 1.27135e-06
0.4 1.06467e-06 1.06467e-06 1.30394e-06
0.41 1.09128e-06 1.09128e-06 1.33654e-06
0.42 1.1179e-06 1.1179e-06 1.36914e-06
0.43 1.14452e-06 1.14452e-06 1.40174e-06
0.44 1.17113e-06 1.17113e-06 1.43434e-06
0.45 1.19775e-06 1.19775e-06 1.46694e-06
0.46 1.22437e-06 1.22437e-06 1.49954e-06
0.47 1.25098e-06 1.25098e-06 1.53214e-06
0.48 1.2776e-06 1.2776e-06 1.56473e-06
0.49 1.30422e-06 1.30422e-06 1.59733e-06
0.5 1.33083e-06 1.33083e-06 1.62993e-06
0.51 1.35745e-06 1.35745e-06 1.66253e-06
0.52 1.38407e-06 1.38407e-06 1.69513e-06
0.53 1.41068e-06 1.41068e-06 1.72773e-06
0.54 1.4373e-06 1.4373e-06 1.76033e-06
0.55 1.46392e-06 1.46392e-06 1.79292e-06
0.56 1.49053e-06 1.49053e-06 1.82552e-06
0.57 1.51715e-06 1.51715e-06 1.85812e-06
0.58 1.54377e-06 1.54377e-06 1.89072e-06
0.59 1.57038e-06 1.57038e-06 1.92332e-06
0.6 1.597e-06 1.597e-06 1.95592e-06
0.61 1.62362e-06 1.62362e-06 1.98852e-06
0.62 1.65023e-06 1.65023e-06 2.02111e-06
0.63 1.67685e-06 1.67685e-06 2.05371e-06
0.64 1.70347e-06 1.70347e-06 2.08631e-06
0.65 1.73008e-06 1.73008e-06 2.11891e-06
0.66 1.7567e-06 1.7567e-06 2.15151e-06
0.67 1.78332e-06 1.78332e-06 2.18411e-06
0.68 1.80993e-06 1.80993e-06 2.21671e-06
0.69 1.83655e-06 1.83655e-06 2.24931e-06
0.7 1.86317e-06 1.86317e-06 2.2819e-06
0.71 1.88978e-06 1.88978e-06 2.3145e-06
0.72 1.9164e-06 1.9164e-06 2.3471e-06
0.73 1.94302e-06 1.94302e-06 2.3797e-06
0.74 1.96963e-06 1.96963e-06 2.4123e-06
0.75 1.99625e-06 1.99625e-06 2.4449e-06
0.76 2.02287e-06 2.02287e-06 2.4775e-06
0.77 2.04948e-06 2.04948e-06 2.51009e-06
0.78 2.0761e-06 2.0761e-06 2.54269e-06
0.79 2.10272e-06 2.10272e-06 2.57529e-06
0.8 2.12933e-06 2.12933e-06 2.60789e-06
0.81 2.15595e-06 2.15595e-06 2.64049e-06
0.82 2.18257e-06 2.18257e-06 2.67309e-06
0.83 2.20918e-06 2.20918e-06 2.70569e-06
0.84 2.2358e-06 2.2358e-06 2.73828e-06
0.85 2.26242e-06 2.26242e-06 2.77088e-06
0.86 2.28903e-06 2.28903e-06 2.80348e-06
0.87 2.31565e-06 2.31565e-06 2.83608e-06
0.88 2.34227e-06 2.34227e-06 2.86868e-06
0.89 2.36888e-06 2.36888e-06 2.90128e-06
0.9 2.3955e-06 2.3955e-06 2.93388e-06
0.91 2.42212e-06 2.42212e-06 2.96647e-06
0.92 2.44873e-06 2.44873e-06 2.99907e-06
0.93 2.47535e-06 2.47535e-06 3.03167e-06
0.94 2.50197e-06 2.50197e-06 3.06427e-06
0.95 2.52858e-06 2.52858e-06 3.09687e-06
0.96 2.5552e-06 2.5552e-06 3.12947e-06
0.97 2.58182e-06 2.58182e-06 3.16207e-06
0.98 2.60843e-06 2.60843e-06 3.19467e-06
0.99 2.63505e-06 2.63505e-06 3.22726e-06
1 2.66167e-06 2.66167e-06 3.25986e-06
1.01 2.68828e-06 2.68828e-06 3.29246e-06
1.02 2.7149e-06 2.7149e-06 3.32506e-06
1.03 2.74152e-06 2.74152e-06 3.35766e-06
1.04 2.76813e-06 2.76813e-06 3.39026e-06
1.05 2.79475e-06 2.79475e-06 3.42286e-06
1.06 2.82137e-06 2.82137e-06 3.45545e-06
1.07 2.84798e-06 2.84798e-06 3.48805e-06
1.08 2.8746e-06 2.8746e-06 3.52065e-06
1.09 2.90122e-06 2.90122e-06 3.55325e-06
1.1 2.92783e-06 2.92783e-06 3.58585e-06
1.11 2.95445e-06 2.95445e-06 3.61845e-06
1.12 2.98107e-06 2.98107e-06 3.65105e-06
1.13 3.00768e-06 3.00768e-06 3.68364e-06
1.14 3.0343e-06 3.0343e-06 3.71624e-06
1.15 3.06092e-06 3.06092e-06 3.74884e-06
1.16 3.08753e-06 3.08753e-06 3.78144e-06
1.17 3.11415e-06 3.11415e-06 3.81404e-06
1.18 3.14077e-06 3.14077e-06 3.84664e-06
1.19 3.16738e-06 3.16738e-06 3.87924e-06
1.2 3.194e-06 3.194e-06 3.91183e-06
1.21 3.22062e-06 3.22062e-06 3.94443e-06
1.22 3.24723e-06 3.24723e-06 3.97703e-06
1.23 3.27385e-06 3.27385e-06 4.00963e-06
1.24 3.30047e-06 3.30047e-06 4.04223e-06
1.25 3.32708e-06 3.32708e-06 4.07483e-06
1.26 3.3537e-06 3.3537e-06 4.10743e-06
1.27 3.38032e-06 3.38032e-06 4.14003e-06
1.28 3.40693e-06 3.40693e-06 4.17262e-06
1.29 3.43355e-06 3.43355e-06 4.20522e-06
1.3 3.46017e-06 3.46017e-06 4.23782e-06
1.31 3.48678e-06 3.48678e-06 4.27042e-06
1.32 3.5134e-06 3.5134e-06 4.30302e-06
1.33 3.54002e-06 3.54002e-06 4.33562e-06
1.34 3.56663e-06 3.56663e-06 4.36822e-06
1.35 3.59325e-06 3.59325e-06 4.40081e-06
1.36 3.61987e-06 3.61987e-06 4.43341e-06
1.37 3.64648e-06 3.64648e-06 4.46601e-06
1.38 3.6731e-06 3.6731e-06 4.49861e-06
1.39 3.69972e-06 3.69972e-06 4.53121e-06
1.4 3.72633e-06 3.72633e-06 4.56381e-06
1.41 3.75295e-06 3.75295e-06 4.59641e-06
1.42 3.77957e-06 3.77957e-06 4.629e-06
1.43 3.80618e-06 3.80618e-06 4.6616e-06
1.44 3.8328e-06 3.8328e-06 4.6942e-06
1.45 3.85942e-06 3.85942e-06 4.7268e-06
1.46 3.88603e-06 3.88603e-06 4.7594e-06
1.47 3.91265e-06 3.91265e-06 4.792e-06
1.48 3.93927e-06 3.93927e-06 4.8246e-06
1.49 3.96588e-06 3.96588e-06 4.85719e-06
1.5 3.9925e-06 3.9925e-06 4.88979e-06
1.51 4.01912e-06 4.01912e-06 4.92239e-06
1.52 4.04573e-06 4.04573e-06 4.95499e-06
1.53 4.07235e-06 4.07235e-06 4.98759e-06
1.54 4.09897e-06 4.09897e-06 5.02019e-06
1.55 4.12558e-06 4.12558e-06 5.05279e-06
1.56 4.1522e-06 4.1522e-06 5.08539e-06
1.57 4.17882e-06 4.17882e-06 5.11798e-06
1.58 4.20543e-06 4.20543e-06 5.15058e-06
1.59 4.23205e-06 4.23205e-06 5.18318e-06
1.6 4.25867e-06 4.25867e-06 5.21578e-06
1.61 4.28528e-06 4.28528e-06 5.24838e-06
1.62 4.3119e-06 4.3119e-06 5.28098e-06
1.63 4.33852e-06 4.33852e-06 5.31358e-06
1.64 4.36513e-06 4.36513e-06 5.34617e-06
1.65 4.39175e-06 4.39175e-06 5.37877e-06
1.66 4.41837e-06 4.41837e-06 5.41137e-06
1.67 4.44498e-06 4.44498e-06 5.44397e-06
1.68 4.4716e-06 4.4716e-06 5.47657e-06
1.69 4.49822e-06 4.49822e-06 5.50917e-06
1.7 4.52483e-06 4.52483e-06 5.54177e-06
1.71 4.55145e-06 4.55145e-06 5.57436e-06
1.72 4.57807e-06 4.57807e-06 5.60696e-06
1.73 4.60468e-06 4.60468e-06 5.63956e-06
1.74 4.6313e-06 4.6313e-06 5.67216e-06
1.75 4.65792e-06 4.65792e-06 5.70476e-06
1.76 4.68453e-06 4.68453e-06 5.73736e-06
1.77 4.71115e-06 4.71115e-06 5.76996e-06
1.78 4.73777e-06 4.73777e-06 5.80256e-06
1.79 4.76438e-06 4.76438e-06 5.83515e-06
1.8 4.791e-06 4.791e-06 5.86775e-06
1.81 4.81762e-06 4.81762e-06 5.90035e-06
1.82 4.84423e-06 4.84423e-06 5.93295e-06
1.83 4.87085e-06 4.87085e-06 5.96555e-06
1.84 4.89747e-06 4.89747e-06 5.99815e-06
1.85 4.92408e-06 4.92408e-06 6.03075e-06
1.86 4.9507e-06 4.9507e-06 6.06334e-06
1.87 4.97732e-06 4.97732e-06 6.09594e-06
1.88 5.00393e-06 5.00393e-06 6.12854e-06
1.89 5.03055e-06 5.03055e-06 6.16114e-06
1.9 5.05717e-06 5.05717e-06 6.19374e-06
1.91 5.08378e-06 5.08378e-06 6.22634e-06
1.92 5.1104e-06 5.1104e-06 6.25894e-06
1.93 5.13702e-06 5.13702e-06 6.29153e-06
1.94 5.16363e-06 5.16363e-06 6.32413e-06
1.95 5.19025e-06 5.19025e-06 6.35673e-06
1.96 5.21687e-06 5.21687e-06 6.38933e-06
1.97 5.24348e-06 5.24348e-06 6.42193e-06
1.98 5.2701e-06 5.2701e-06 6.45453e-06
1.99 5.29672e-06 5.29672e-06 6.48713e-06
2 5.32333e-06 5.32333e-06 6.51972e-06
2.01 5.34995e-06 5.34995e-06 6.55232e-06
2.02 5.37657e-06 5.37657e-06 6.58492e-06
2.03 5.40318e-06 5.40318e-06 6.61752e-06
2.04 5.4298e-06 5.4298e-06 6.65012e-06
2.05 5.45642e-06 5.45642e-06 6.68272e-06
2.06 5.48303e-06 5.48303e-06 6.71532e-06
2.07 5.50965e-06 5.50965e-06 6.74792e-06
2.08 5.53627e-06 5.53627e-06 6.78051e-06
2.09 5.56288e-06 5.56288e-06 6.81311e-06
2.1 5.5895e-06 5.5895e-06 6.84571e-06
2.11 5.61612e-06 5.61612e-06 6.87831e-06
2.12 5.64273e-06 5.64273e-06 6.91091e-06
2.13 5.66935e-06 5.66935e-06 6.94351e-06
2.14 5.69597e-06 5.69597e-06 6.97611e-06
2.15 5.72258e-06 5.72258e-06 7.0087e-06
2.16 5.7492e-06 5.7492e-06 7.0413e-06
2.17 5.77582e-06 5.77582e-06 7.0739e-06
2.18 5.80243e-06 5.80243e-06 7.1065e-06
2.19 5.82905e-06 5.82905e-06 7.1391e-06
2.2 5.85567e-06 5.85567e-06 7.1717e-06
2.21 5.88228e-06 5.88228e-06 7.2043e-06
2.22 5.9089e-06 5.9089e-06 7.23689e-06
2.23 5.93552e-06 5.93552e-06 7.26949e-06
2.24 5.96213e-06 5.96213e-06 7.30209e-06
2.25 5.98875e-06 5.98875e-06 7.33469e-06
2.26 6.01537e-06 6.01537e-06 7.36729e-06
2.27 6.04198e-06 6.04198e-06 7.39989e-06
2.28 6.0686e-06 6.0686e-06 7.43249e-06
2.29 6.09522e-06 6.09522e-06 7.46508e-06
2.3 6.12183e-06 6.12183e-06 7.49768e-06
2.31 6.14845e-06 6.14845e-06 7.53028e-06
2.32 6.17507e-06 6.17507e-06 7.56288e-06
2.33 6.20168e-06 6.20168e-06 7.59548e-06
2.34 6.2283e-06 6.2283e-06 7.62808e-06
2.35 6.25492e-06 6.25492e-06 7.66068e-06
2.36 6.28153e-06 6.28153e-06 7.69328e-06
2.37 6.30815e-06 6.30815e-06 7.72587e-06
2.38 6.33477e-06 6.33477e-06 7.75847e-06
2.39 6.36138e-06 6.36138e-06 7.79107e-06
2.4 6.388e-06 6.388e-06 7.82367e-06
2.41 6.41462e-06 6.41462e-06 7.85627e-06
2.42 6.44123e-06 6.44123e-06 7.88887e-06
2.43 6.46785e-06 6.46785e-06 7.92147e-06
2.44 6.49447e-06 6.49447e-06 7.95406e-06
2.45 6.52108e-06 6.52108e-06 7.98666e-06
2.46 6.5477e-06 6.5477e-06 8.01926e-06
2.47 6.57432e-06 6.57432e-06 8.05186e-06
2.48 6.60093e-06 6.60093e-06 8.08446e-06
2.49 6.62755e-06 6.62755e-06 8.11706e-06
2.5 6.65417e-06 6.65417e-06 8.14966e-06
2.51 6.68078e-06 6.68078e-06 8.18225e-06
2.52 6.7074e-06 6.7074e-06 8.21485e-06
2.53 6.73402e-06 6.73402e-06 8.24745e-06
2.54 6.76063e-06 6.76063e-06 8.28005e-06
2.55 6.78725e-06 6.78725e-06 8.31265e-06
2.56 6.81387e-06 6.81387e-06 8.34525e-06
2.57 6.84048e-06 6.84048e-06 8.37785e-06
2.58 6.8671e-06 6.8671e-06 8.41044e-06
2.59 6.89372e-06 6.89372e-06 8.44304e-06
2.6 6.92033e-06 6.92033e-06 8.47564e-06
2.61 6.94695e-06 6.94695e-06 8.50824e-06
2.62 6.97357e-06 6.97357e-06 8.54084e-06
2.63 7.00018e-06 7.00018e-06 8.57344e-06
2.64 7.0268e-06 7.0268e-06 8.60604e-06
2.65 7.05342e-06 7.05342e-06 8.63864e-06
2.66 7.08003e-06 7.08003e-06 8.67123e-06
2.67 7.10665e-06 7.10665e-06 8.70383e-06
2.68 7.13327e-06 7.13327e-06 8.73643e-06
2.69 7.15988e-06 7.15988e-06 8.76903e-06
2.7 7.1865e-06 7.1865e-06 8.80163e-06
2.71 7.21312e-06 7.21312e-06 8.83423e-06
2.72 7.23973e-06 7.23973e-06 8.86683e-06
2.73 7.26635e-06 7.26635e-06 8.89942e-06
2.74 7.29297e-06 7.29297e-06 8.93202e-06
2.75 7.31958e-06 7.31958e-06 8.96462e-06
2.76 7.3462e-06 7.3462e-06 8.99722e-06
2.77 7.37282e-06 7.37282e-06 9.02982e-06
2.78 7.39943e-06 7.39943e-06 9.06242e-06
2.79 7.42605e-06 7.42605e-06 9.09502e-06
2.8 7.45267e-06 7.45267e-06 9.12761e-06
2.81 7.47928e-06 7.47928e-06 9.16021e-06
2.82 7.5059e-06 7.5059e-06 9.19281e-06
2.83 7.53252e-06 7.53252e-06 9.22541e-06
2.84 7.55913e-06 7.55913e-06 9.25801e-06
2.85 7.58575e-06 7.58575e-06 9.29061e-06
2.86 7.61237e-06 7.61237e-06 9.32321e-06
2.87 7.63898e-06 7.63898e-06 9.35581e-06
2.88 7.6656e-06 7.6656e-06 9.3884e-06
2.89 7.69222e-06 7.69222e-06 9.421e-06
2.9 7.71883e-06 7.71883e-06 9.4536e-06
2.91 7.74545e-06 7.74545e-06 9.4862e-06
2.92 7.77207e-06 7.77207e-06 9.5188e-06
2.93 7.79868e-06 7.79868e-06 9.5514e-06
2.94 7.8253e-06 7.8253e-06 9.584e-06
2.95 7.85192e-06 7.85192e-06 9.61659e-06
2.96 7.87853e-06 7.87853e-06 9.64919e-06
2.97 7.90515e-06 7.90515e-06 9.68179e-06
2.98 7.93177e-06 7.93177e-06 9.71439e-06
2.99 7.95838e-06 7.95838e-06 9.74699e-06
3 7.985e-06 7.985e-06 9.77959e-06
3.01 8.01162e-06 8.01162e-06 9.81219e-06
3.02 8.03823e-06 8.03823e-06 9.84478e-06
3.03 8.06485e-06 8.06485e-06 9.87738e-06
3.04 8.09147e-06 8.09147e-06 9.90998e-06
3.05 8.11808e-06 8.11808e-06 9.94258e-06
3.06 8.1447e-06 8.1447e-06 9.97518e-06
3.07 8.17132e-06 8.17132e-06 1.00078e-05
3.08 8.19793e-06 8.19793e-06 1.00404e-05
3.09 8.22455e-06 8.22455e-06 1.0073e-05
3.1 8.25117e-06 8.25117e-06 1.01056e-05
3.11 8.27778e-06 8.27778e-06 1.01382e-05
3.12 8.3044e-06 8.3044e-06 1.01708e-05
3.13 8.33102e-06 8.33102e-06 1.02034e-05
3.14 8.35763e-06 8.35763e-06 1.0236e-05
3.15 8.38425e-06 8.38425e-06 1.02686e-05
3.16 8.41087e-06 8.41087e-06 1.03012e-05
3.17 8.43748e-06 8.43748e-06 1.03338e-05
3.18 8.4641e-06 8.4641e-06 1.03664e-05
3.19 8.49072e-06 8.49072e-06 1.0399e-05
3.2 8.51733e-06 8.51733e-06 1.04316e-05
3.21 8.54395e-06 8.54395e-06 1.04642e-05
3.22 8.57057e-06 8.57057e-06 1.04968e-05
3.23 8.59718e-06 8.59718e-06 1.05294e-05
3.24 8.6238e-06 8.6238e-06 1.0562e-05
3.25 8.65042e-06 8.65042e-06 1.05946e-05
3.26 8.67703e-06 8.67703e-06 1.06272e-05
3.27 8.70365e-06 8.70365e-06 1.06598e-05
3.28 8.73027e-06 8.73027e-06 1.06923e-05
3.29 8.75688e-06 8.75688e-06 1.07249e-05
3.3 8.7835e-06 8.7835e-06 1.07575e-05
3.31 8.81012e-06 8.81012e-06 1.07901e-05
3.32 8.83673e-06 8.83673e-06 1.08227e-05
3.33 8.86335e-06 8.86335e-06 1.08553e-05
3.34 8.88997e-06 8.88997e-06 1.08879e-05
3.35 8.91658e-06 8.91658e-06 1.09205e-05
3.36 8.9432e-06 8.9432e-06 1.09531e-05
3.37 8.96982e-06 8.96982e-06 1.09857e-05
3.38 8.99643e-06 8.99643e-06 1.10183e-05
3.39 9.02305e-06 9.02305e-06 1.10509e-05
3.4 9.04967e-06 9.04967e-06 1.10835e-05
3.41 9.07628e-06 9.07628e-06 1.11161e-05
3.42 9.1029e-06 9.1029e-06 1.11487e-05
3.43 9.12952e-06 9.12952e-06 1.11813e-05
3.44 9.15613e-06 9.15613e-06 1.12139e-05
3.45 9.18275e-06 9.18275e-06 1.12465e-05
3.46 9.20937e-06 9.20937e-06 1.12791e-05
3.47 9.23598e-06 9.23598e-06 1.13117e-05
3.48 9.2626e-06 9.2626e-06 1.13443e-05
3.49 9.28922e-06 9.28922e-06 1.13769e-05
3.5 9.31583e-06 9.31583e-06 1.14095e-05
3.51 9.34245e-06 9.34245e-06 1.14421e-05
3.52 9.36907e-06 9.36907e-06 1.14747e-05
3.53 9.39568e-06 9.39568e-06 1.15073e-05
3.54 9.4223e-06 9.4223e-06 1.15399e-05
3.55 9.44892e-06 9.44892e-06 1.15725e-05
3.56 9.47553e-06 9.47553e-06 1.16051e-05
3.57 9.50215e-06 9.50215e-06 1.16377e-05
3.58 9.52877e-06 9.52877e-06 1.16703e-05
3.59 9.55538e-06 9.55538e-06 1.17029e-05
3.6 9.582e-06 9.582e-06 1.17355e-05
3.61 9.60862e-06 9.60862e-06 1.17681e-05
3.62 9.63523e-06 9.63523e-06 1.18007e-05
3.63 9.66185e-06 9.66185e-06 1.18333e-05
3.64 9.68847e-06 9.68847e-06 1.18659e-05
3.65 9.71508e-06 9.71508e-06 1.18985e-05
3.66 9.7417e-06 9.7417e-06 1.19311e-05
3.67 9.76832e-06 9.76832e-06 1.19637e-05
3.68 9.79493e-06 9.79493e-06 1.19963e-05
3.69 9.82155e-06 9.82155e-06 1.20289e-05
3.7 9.84817e-06 9.84817e-06 1.20615e-05
3.71 9.87478e-06 9.87478e-06 1.20941e-05
3.72 9.9014e-06 9.9014e-06 1.21267e-05
3.73 9.92802e-06 9.92802e-06 1.21593e-05
3.74 9.95463e-06 9.95463e-06 1.21919e-05
3.75 9.98125e-06 9.98125e-06 1.22245e-05
3.76 1.00079e-05 1.00079e-05 1.22571e-05
3.77 1.00345e-05 1.00345e-05 1.22897e-05
3.78 1.00611e-05 1.00611e-05 1.23223e-05
3.79 1.00877e-05 1.00877e-05 1.23549e-05
3.8 1.01143e-05 1.01143e-05 1.23875e-05
3.81 1.01409e-05 1.01409e-05 1.24201e-05
3.82 1.01676e-05 1.01676e-05 1.24527e-05
3.83 1.01942e-05 1.01942e-05 1.24853e-05
3.84 1.02208e-05 1.02208e-05 1.25179e-05
3.85 1.02474e-05 1.02474e-05 1.25505e-05
3.86 1.0274e-05 1.0274e-05 1.25831e-05
3.87 1.03006e-05 1.03006e-05 1.26157e-05
3.88 1.03273e-05 1.03273e-05 1.26483e-05
3.89 1.03539e-05 1.03539e-05 1.26809e-05
3.9 1.03805e-05 1.03805e-05 1.27135e-05
3.91 1.04071e-05 1.04071e-05 1.27461e-05
3.92 1.04337e-05 1.04337e-05 1.27787e-05
3.93 1.04603e-05 1.04603e-05 1.28113e-05
3.94 1.0487e-05 1.0487e-05 1.28439e-05
3.95 1.05136e-05 1.05136e-05 1.28765e-05
3.96 1.05402e-05 1.05402e-05 1.29091e-05
3.97 1.05668e-05 1.05668e-05 1.29417e-05
3.98 1.05934e-05 1.05934e-05 1.29743e-05
3.99 1.062e-05 1.062e-05 1.30069e-05
4 1.06467e-05 1.06467e-05 1.30394e-05
4.01 1.06733e-05 1.06733e-05 1.3072e-05
4.02 1.06999e-05 1.06999e-05 1.31046e-05
4.03 1.07265e-05 1.07265e-05 1.31372e-05
4.04 1.07531e-05 1.07531e-05 1.31698e-05
4.05 1.07797e-05 1.07797e-05 1.32024e-05
4.06 1.08064e-05 1.08064e-05 1.3235e-05
4.07 1.0833e-05 1.0833e-05 1.32676e-05
4.08 1.08596e-05 1.08596e-05 1.33002e-05
4.09 1.08862e-05 1.08862e-05 1.33328e-05
4.1 1.09128e-05 1.09128e-05 1.33654e-05
4.11 1.09394e-05 1.09394e-05 1.3398e-05
4.12 1.09661e-05 1.09661e-05 1.34306e-05
4.13 1.09927e-05 1.09927e-05 1.34632e-05
4.14 1.10193e-05 1.10193e-05 1.34958e-05
4.15 1.10459e-05 1.10459e-05 1.35284e-05
4.16 1.10725e-05 1.10725e-05 1.3561e-05
4.17 1.10991e-05 1.10991e-05 1.35936e-05
4.18 1.11258e-05 1.11258e-05 1.36262e-05
4.19 1.11524e-05 1.11524e-05 1.36588e-05
4.2 1.1179e-05 1.1179e-05 1.36914e-05
4.21 1.12056e-05 1.12056e-05 1.3724e-05
4.22 1.12322e-05 1.12322e-05 1.37566e-05
4.23 1.12588e-05 1.12588e-05 1.37892e-05
4.24 1.12855e-05 1.12855e-05 1.38218e-05
4.25 1.13121e-05 1.13121e-05 1.38544e-05
4.26 1.13387e-05 1.13387e-05 1.3887e-05
4.27 1.13653e-05 1.13653e-05 1.39196e-05
4.28 1.13919e-05 1.13919e-05 1.39522e-05
4.29 1.14185e-05 1.14185e-05 1.39848e-05
4.3 1.14452e-05 1.14452e-05 1.40174e-05
4.31 1.14718e-05 1.14718e-05 1.405e-05
4.32 1.14984e-05 1.14984e-05 1.40826e-05
4.33 1.1525e-05 1.1525e-05 1.41152e-05
4.34 1.15516e-05 1.15516e-05 1.41478e-05
4.35 1.15782e-05 1.15782e-05 1.41804e-05
4.36 1.16049e-05 1.16049e-05 1.4213e-05
4.37 1.16315e-05 1.16315e-05 1.42456e-05
4.38 1.16581e-05 1.16581e-05 1.42782e-05
4.39 1.16847e-05 1.16847e-05 1.43108e-05
4.4 1.17113e-05 1.17113e-05 1.43434e-05
4.41 1.17379e-05 1.17379e-05 1.4376e-05
4.42 1.17646e-05 1.17646e-05 1.44086e-05
4.43 1.17912e-05 1.17912e-05 1.44412e-05
4.44 1.18178e-05 1.18178e-05 1.44738e-05
4.45 1.18444e-05 1.18444e-05 1.45064e-05
4.46 1.1871e-05 1.1871e-05 1.4539e-05
4.47 1.18976e-05 1.18976e-05 1.45716e-05
4.48 1.19243e-05 1.19243e-05 1.46042e-05
4.49 1.19509e-05 1.19509e-05 1.46368e-05
4.5 1.19775e-05 1.19775e-05 1.46694e-05
4.51 1.20041e-05 1.20041e-05 1.4702e-05
4.52 1.20307e-05 1.20307e-05 1.47346e-05
4.53 1.20573e-05 1.20573e-05 1.47672e-05
4.54 1.2084e-05 1.2084e-05 1.47998e-05
4.55 1.21106e-05 1.21106e-05 1.48324e-05
4.56 1.21372e-05 1.21372e-05 1.4865e-05
4.57 1.21638e-05 1.21638e-05 1.48976e-05
4.58 1.21904e-05 1.21904e-05 1.49302e-05
4.59 1.2217e-05 1.2217e-05 1.49628e-05
4.6 1.22437e-05 1.22437e-05 1.49954e-05
4.61 1.22703e-05 1.22703e-05 1.5028e-05
4.62 1.22969e-05 1.22969e-05 1.50606e-05
4.63 1.23235e-05 1.23235e-05 1.50932e-05
4.64 1.23501e-05 1.23501e-05 1.51258e-05
4.65 1.23767e-05 1.23767e-05 1.51584e-05
4.66 1.24034e-05 1.24034e-05 1.5191e-05
4.67 1.243e-05 1.243e-05 1.52236e-05
4.68 1.24566e-05 1.24566e-05 1.52562e-05
4.69 1.24832e-05 1.24832e-05 1.52888e-05
4.7 1.25098e-05 1.25098e-05 1.53214e-05
4.71 1.25364e-05 1.25364e-05 1.5354e-05
4.72 1.25631e-05 1.25631e-05 1.53866e-05
4.73 1.25897e-05 1.25897e-05 1.54191e-05
4.74 1.26163e-05 1.26163e-05 1.54517e-05
4.75 1.26429e-05 1.26429e-05 1.54843e-05
4.76 1.26695e-05 1.26695e-05 1.55169e-05
4.77 1.26961e-05 1.26961e-05 1.55495e-05
4.78 1.27228e-05 1.27228e-05 1.55821e-05
4.79 1.27494e-05 1.27494e-05 1.56147e-05
4.8 1.2776e-05 1.2776e-05 1.56473e-05
4.81 1.28026e-05 1.28026e-05 1.56799e-05
4.82 1.28292e-05 1.28292e-05 1.57125e-05
4.83 1.28558e-05 1.28558e-05 1.57451e-05
4.84 1.28825e-05 1.28825e-05 1.57777e-05
4.85 1.29091e-05 1.29091e-05 1.58103e-05
4.86 1.29357e-05 1.29357e-05 1.58429e-05
4.87 1.29623e-05 1.29623e-05 1.58755e-05
4.88 1.29889e-05 1.29889e-05 1.59081e-05
4.89 1.30155e-05 1.30155e-05 1.59407e-05
4.9 1.30422e-05 1.30422e-05 1.59733e-05
4.91 1.30688e-05 1.30688e-05 1.60059e-05
4.92 1.30954e-05 1.30954e-05 1.60385e-05
4.93 1.3122e-05 1.3122e-05 1.60711e-05
4.94 1.31486e-05 1.31486e-05 1.61037e-05
4.95 1.31752e-05 1.31752e-05 1.61363e-05
4.96 1.32019e-05 1.32019e-05 1.61689e-05
4.97 1.32285e-05 1.32285e-05 1.62015e-05
4.98 1.32551e-05 1.32551e-05 1.62341e-05
4.99 1.32817e-05 1.32817e-05 1.62667e-05
5 1.33083e-05 1.33083e-05 1.62993e-05
5.01 1.33349e-05 1.33349e-05 1.63319e-05
5.02 1.33616e-05 1.33616e-05 1.63645e-05
5.03 1.33882e-05 1.33882e-05 1.63971e-05
5.04 1.34148e-05 1.34148e-05 1.64297e-05
5.05 1.34414e-05 1.34414e-05 1.64623e-05
5.06 1.3468e-05 1.3468e-05 1.64949e-05
5.07 1.34946e-05 1.34946e-05 1.65275e-05
5.08 1.35213e-05 1.35213e-05 1.65601e-05
5.09 1.35479e-05 1.35479e-05 1.65927e-05
5.1 1.35745e-05 1.35745e-05 1.66253e-05
5.11 1.36011e-05 1.36011e-05 1.66579e-05
5.12 1.36277e-05 1.36277e-05 1.66905e-05
5.13 1.36543e-05 1.36543e-05 1.67231e-05
5.14 1.3681e-05 1.3681e-05 1.67557e-05
5.15 1.37076e-05 1.37076e-05 1.67883e-05
5.16 1.37342e-05 1.37342e-05 1.68209e-05
5.17 1.37608e-05 1.37608e-05 1.68535e-05
5.18 1.37874e-05 1.37874e-05 1.68861e-05
5.19 1.3814e-05 1.3814e-05 1.69187e-05
5.2 1.38407e-05 1.38407e-05 1.69513e-05
5.21 1.38673e-05 1.38673e-05 1.69839e-05
5.22 1.38939e-05 1.38939e-05 1.70165e-05
5.23 1.39205e-05 1.39205e-05 1.70491e-05
5.24 1.39471e-05 1.39471e-05 1.70817e-05
5.25 1.39737e-05 1.39737e-05 1.71143e-05
5.26 1.40004e-05 1.40004e-05 1.71469e-05
5.27 1.4027e-05 1.4027e-05 1.71795e-05
5.28 1.40536e-05 1.40536e-05 1.72121e-05
5.29 1.40802e-05 1.40802e-05 1.72447e-05
5.3 1.41068e-05 1.41068e-05 1.72773e-05
5.31 1.41334e-05 1.41334e-05 1.73099e-05
5.32 1.41601e-05 1.41601e-05 1.73425e-05
5.33 1.41867e-05 1.41867e-05 1.73751e-05
5.34 1.42133e-05 1.42133e-05 1.74077e-05
5.35 1.42399e-05 1.42399e-05 1.74403e-05
5.36 1.42665e-05 1.42665e-05 1.74729e-05
5.37 1.42931e-05 1.42931e-05 1.75055e-05
5.38 1.43198e-05 1.43198e-05 1.75381e-05
5.39 1.43464e-05 1.43464e-05 1.75707e-05
5.4 1.4373e-05 1.4373e-05 1.76033e-05
5.41 1.43996e-05 1.43996e-05 1.76359e-05
5.42 1.44262e-05 1.44262e-05 1.76685e-05
5.43 1.44528e-05 1.44528e-05 1.77011e-05
5.44 1.44795e-05 1.44795e-05 1.77337e-05
5.45 1.45061e-05 1.45061e-05 1.77663e-05
5.46 1.45327e-05 1.45327e-05 1.77988e-05
5.47 1.45593e-05 1.45593e-05 1.78314e-05
5.48 1.45859e-05 1.45859e-05 1.7864e-05
5.49 1.46125e-05 1.46125e-05 1.78966e-05
5.5 1.46392e-05 1.46392e-05 1.79292e-05
5.51 1.46658e-05 1.46658e-05 1.79618e-05
5.52 1.46924e-05 1.46924e-05 1.79944e-05
5.53 1.4719e-05 1.4719e-05 1.8027e-05
5.54 1.47456e-05 1.47456e-05 1.80596e-05
5.55 1.47722e-05 1.47722e-05 1.80922e-05
5.56 1.47989e-05 1.47989e-05 1.81248e-05
5.57 1.48255e-05 1.48255e-05 1.81574e-05
5.58 1.48521e-05 1.48521e-05 1.819e-05
5.59 1.48787e-05 1.48787e-05 1.82226e-05
5.6 1.49053e-05 1.49053e-05 1.82552e-05
5.61 1.49319e-05 1.49319e-05 1.82878e-05
5.62 1.49586e-05 1.49586e-05 1.83204e-05
5.63 1.49852e-05 1.49852e-05 1.8353e-05
5.64 1.50118e-05 1.50118e-05 1.83856e-05
5.65 1.50384e-05 1.50384e-05 1.84182e-05
5.66 1.5065e-05 1.5065e-05 1.84508e-05
5.67 1.50916e-05 1.50916e-05 1.84834e-05
5.68 1.51183e-05 1.51183e-05 1.8516e-05
5.69 1.51449e-05 1.51449e-05 1.85486e-05
5.7 1.51715e-05 1.51715e-05 1.85812e-05
5.71 1.51981e-05 1.51981e-05 1.86138e-05
5.72 1.52247e-05 1.52247e-05 1.86464e-05
5.73 1.52513e-05 1.52513e-05 1.8679e-05
5.74 1.5278e-05 1.5278e-05 1.87116e-05
5.75 1.53046e-05 1.53046e-05 1.87442e-05
5.76 1.53312e-05 1.53312e-05 1.87768e-05
5.77 1.53578e-05 1.53578e-05 1.88094e-05
5.78 1.53844e-05 1.53844e-05 1.8842e-05
5.79 1.5411e-05 1.5411e-05 1.88746e-05
5.8 1.54377e-05 1.54377e-05 1.89072e-05
5.81 1.54643e-05 1.54643e-05 1.89398e-05
5.82 1.54909e-05 1.54909e-05 1.89724e-05
5.83 1.55175e-05 1.55175e-05 1.9005e-05
5.84 1.55441e-05 1.55441e-05 1.90376e-05
5.85 1.55707e-05 1.55707e-05 1.90702e-05
5.86 1.55974e-05 1.55974e-05 1.91028e-05
5.87 1.5624e-05 1.5624e-05 1.91354e-05
5.88 1.56506e-05 1.56506e-05 1.9168e-05
5.89 1.56772e-05 1.56772e-05 1.92006e-05
5.9 1.57038e-05 1.57038e-05 1.92332e-05
5.91 1.57304e-05 1.57304e-05 1.92658e-05
5.92 1.57571e-05 1.57571e-05 1.92984e-05
5.93 1.57837e-05 1.57837e-05 1.9331e-05
5.94 1.58103e-05 1.58103e-05 1.93636e-05
5.95 1.58369e-05 1.58369e-05 1.93962e-05
5.96 1.58635e-05 1.58635e-05 1.94288e-05
5.97 1.58901e-05 1.58901e-05 1.94614e-05
5.98 1.59168e-05 1.59168e-05 1.9494e-05
5.99 1.59434e-05 1.59434e-05 1.95266e-05
6 1.597e-05 1.597e-05 1.95592e-05
6.01 1.59966e-05 1.59966e-05 1.95918e-05
6.02 1.60232e-05 1.60232e-05 1.96244e-05
6.03 1.60498e-05 1.60498e-05 1.9657e-05
6.04 1.60765e-05 1.60765e-05 1.96896e-05
6.05 1.61031e-05 1.61031e-05 1.97222e-05
6.06 1.61297e-05 1.61297e-05 1.97548e-05
6.07 1.61563e-05 1.61563e-05 1.97874e-05
6.08 1.61829e-05 1.61829e-05 1.982e-05
6.09 1.62095e-05 1.62095e-05 1.98526e-05
6.1 1.62362e-05 1.62362e-05 1.98852e-05
6.11 1.62628e-05 1.62628e-05 1.99178e-05
6.12 1.62894e-05 1.62894e-05 1.99504e-05
6.13 1.6316e-05 1.6316e-05 1.9983e-05
6.14 1.63426e-05 1.63426e-05 2.00156e-05
6.15 1.63692e-05 1.63692e-05 2.00482e-05
6.16 1.63959e-05 1.63959e-05 2.00808e-05
6.17 1.64225e-05 1.64225e-05 2.01134e-05
6.18 1.64491e-05 1.64491e-05 2.01459e-05
6.19 1.64757e-05 1.64757e-05 2.01785e-05
6.2 1.65023e-05 1.65023e-05 2.02111e-05
6.21 1.65289e-05 1.65289e-05 2.02437e-05
6.22 1.65556e-05 1.65556e-05 2.02763e-05
6.23 1.65822e-05 1.65822e-05 2.03089e-05
6.24 1.66088e-05 1.66088e-05 2.03415e-05
6.25 1.66354e-05 1.66354e-05 2.03741e-05
6.26 1.6662e-05 1.6662e-05 2.04067e-05
6.27 1.66886e-05 1.66886e-05 2.04393e-05
6.28 1.67153e-05 1.67153e-05 2.04719e-05
